  5.0000000e-001  4.0783422e+005  0.0000000e+000
  1.0000000e+000  3.7185649e+005 -8.0216584e-001
  1.5000000e+000  3.2577248e+005 -1.9513852e+000
  2.0000000e+000  2.7197792e+005 -3.5190002e+000
  2.5000000e+000  2.2840447e+005 -5.0355814e+000
  3.0000000e+000  1.8849400e+005 -6.7037226e+000
  3.5000000e+000  1.5281774e+005 -8.5261975e+000
  4.0000000e+000  1.1599068e+005 -1.0921211e+001
  4.5000000e+000  8.3255851e+004 -1.3801378e+001
  5.0000000e+000  5.4501184e+004 -1.7481555e+001
  5.5000000e+000  3.3764267e+004 -2.1640527e+001
  6.0000000e+000  1.6739739e+004 -2.7734700e+001
  6.5000000e+000  8.9853574e+003 -3.3138966e+001
  7.0000000e+000  5.3319352e+003 -3.7671976e+001
